layout_spectrum: 0.3042553
color:
  saturation: 0.3561834
  lightness: 0.462319
  brandStrength: 0.237495
  rhythmicContrast: 0.2918489
typography_spectrum: 0.006023956
